9506.746460766279
10034.976518755422
10266.893712879444
9583.852191655757
9061.365815914833
9039.92880893405
9143.230664801411
9202.68499910294
9160.31990432854
9249.35282774915
9203.879259984578
9175.82920850443
9156.023091554149
9206.13809543386
9449.292881676634
9680.820584794614
9573.704909369613
9686.3322317634
9743.211781675409
9837.857567861094
9952.763370018012
9605.872227448059
9503.973091831369
9098.85019486577
9145.73171769152
9263.648738741751
9241.0903785182
9224.27770394487
9228.446803645951
9304.40529988341
9309.285701265517
9235.28797641959
